25 25
1
9
1
17
6
3 2 2 2 2 8
5
3 2 2 2 12
6
3 2 2 2 3 1
4
1 7 3 8
4
4 3 1 8
3
4 2 4
3
4 5 5
5
1 1 5 2 6
6
4 2 3 2 2 2
8
1 1 1 2 2 2 1 7
7
1 1 3 2 1 1 5
5
6 1 2 1 2
6
1 3 1 2 4 7
6
1 1 1 2 3 7
6
1 2 2 1 3 2
6
1 1 2 2 3 7
5
5 2 2 1 7
7
1 2 2 1 2 2 1
4
3 2 5 6
4
1 1 5 5
2
7 5
2
2 5
2
2 5

2
13 2
5
4 3 1 6 2
5
4 3 1 1 5
6
1 9 2 1 1 1
5
5 2 1 1 3
4
5 5 2 1
6
1 1 2 1 3 4
5
6 1 2 2 4
5
6 3 2 2 2
5
1 3 2 2 1
5
4 5 2 1 3
6
4 1 2 2 1 1
6
1 1 1 1 2 3
6
6 1 2 2 2 1
5
5 2 2 4 2
5
1 2 2 2 3
3
2 1 7
3
1 6 4
5
1 2 3 1 7
7
1 2 3 3 3 2 5
5
1 2 11 2 5
8
1 2 2 2 2 2 2 5
8
1 2 2 2 2 2 2 5
6
1 2 2 2 2 11
6
1 2 2 2 2 3
